((("const" .
   [1 0 0 0 0])
  ("var" .
   [1 0 0])
  ("msg" .
   [1 0 0])
  ("load" .
   [1 0 0 0])
  ("script" .
   [1 0 0 0 0 0])
  ("color" .
   [0 1 0 0 0])
  ("pointer" .
   [0 0 1 0 0 0 0])
  ("cursor" .
   [0 0 0 0 0 1])
  ("h2" .
   [1 0])
  ("height" .
   [0 1 0 0 0 0])
  ("important" .
   [0 0 0 0 0 0 0 0 1])
  ("content" .
   [0 0 0 1 0 0 0])
  ("width" .
   [0 1 1 0 0])
  ("$mod+o" .
   [1 0 0 0 0 0])
  ("$mod+" .
   [0 0 0 0 1])
  ("Return" .
   [1 0 0 0 0 0])
  ("mode" .
   [4 0 0 0])
  ("Escape" .
   [0 0 1 0 1 0])
  ("bindsym" .
   [0 0 0 0 0 0 6])
  ("exec" .
   [3 0 0 0])
  ("cat" .
   [2 0 0])
  ("nie" .
   [2 0 0])
  ("powiedz" .
   [2 0 0 0 0 0 0])
  ("zaswiadczeniu" .
   [1 0 0 0 0 0 0 0 0 0 0 0 0])
  ("mowilam" .
   [1 0 0 0 0 0 0])
  ("-eq" .
   [1 0 0])
  ("date" .
   [3 0 0 0])
  ("trash" .
   [2 0 0 0 1])
  ("file_n" .
   [4 0 0 0 0 0])
  ("files" .
   [3 0 0 0 0])
  ("file" .
   [10 0 0 0])
  ("date_f" .
   [0 0 0 0 0 1])
  ("date_file" .
   [1 0 0 0 0 1 0 0 0])
  ("date_now" .
   [1 0 0 0 0 0 0 1])
  ("date_clen" .
   [0 0 0 0 0 0 1 1 0])
  ("rm" .
   [1 0])
  ("file_arr" .
   [0 0 0 0 0 0 1 0])
  ("file_path" .
   [0 0 0 0 0 0 1 0 0])
  ("tmp" .
   [4 0 0])
  ("file_n-1" .
   [0 0 0 0 0 0 1 0])
  ("head" .
   [2 0 0 0])
  ("listOfFiles.list" .
   [0 0 0 0 1 0 0 0 0 0 0 0 0 0 0 0])
  ("history" .
   [0 0 0 0 0 1 0])
  ("file_history" .
   [0 0 0 0 3 1 0 0 0 0 0 0])
  ("elif" .
   [0 0 1 1])
  ("i++" .
   [1 0 0])
  ("removed." .
   [0 0 0 0 0 0 1 0])
  ("removed" .
   [0 0 0 0 0 0 1])
  ("-le" .
   [0 0 1])
  ("date." .
   [0 0 0 0 1])
  ("echo" .
   [0 0 1 0])
  ("-f" .
   [2 0])
  ("source" .
   [0 0 0 1 0 0])
  ("details" .
   [0 0 0 0 1 0 0])
  ("usage" .
   [3 0 0 0 0])
  ("path" .
   [5 0 0 0])
  ("then" .
   [0 0 0 1])
  ("/dev/null" .
   [0 0 0 1 0 0 0 0 0])
  ("-h" .
   [1 0])
  ("-e" .
   [2 0])
  ("hist" .
   [1 0 0 0])
  ("xz" .
   [1 0])
  ("-z" .
   [1 0])
  ("mv" .
   [1 0])
  ("guake" .
   [1 0 0 0 0])
  ("font-family" .
   [0 0 1 0 0 0 0 0 0 0 0])
  ("url" .
   [1 0 0])
  ("AutoBus" .
   [0 0 0 0 2 0 0])
  ("font-weight" .
   [0 0 0 0 0 0 0 1 0 0 0])
  ("left" .
   [1 0 0 0])
  ("EOF" .
   [1 0 0])
  ("next" .
   [5 0 0 0])
  ("data" .
   [2 0 0 0])))
